31
0 17
0 19
0 24
0 25
1 5
1 17
1 20
1 26
1 29
2 5
2 16
2 20
2 21
2 22
2 24
2 26
2 28
3 4
3 6
3 10
3 19
3 22
3 24
3 28
4 5
4 11
4 17
4 20
4 21
4 26
4 29
5 7
5 9
5 15
6 9
6 11
6 21
6 30
7 16
7 29
8 12
8 22
8 23
8 25
9 14
10 14
10 25
11 15
11 16
12 16
12 27
13 14
13 15
13 17
13 20
13 21
13 22
13 24
13 25
13 29
13 30
14 15
14 20
14 30
15 18
15 21
15 26
15 29
16 20
16 25
16 28
16 29
17 19
17 27
18 19
18 20
18 25
18 27
20 25
20 26
20 30
21 25
21 27
21 30
22 25
22 28
23 24
23 26
23 29
24 27
25 26
26 30
27 28
