37
0 8
0 11
0 13
0 18
0 21
0 26
0 33
1 18
1 21
1 25
1 29
2 5
2 7
2 10
2 11
2 23
2 25
2 29
2 33
3 7
3 9
3 15
3 16
3 17
3 18
3 24
3 26
3 27
3 31
3 32
3 34
4 6
4 12
4 34
5 7
5 14
5 15
5 25
5 30
5 31
5 32
5 33
6 14
6 16
6 25
6 30
6 36
7 16
7 21
7 23
7 34
7 36
8 10
8 13
8 18
8 21
8 22
8 28
8 35
9 10
9 14
9 22
9 23
9 25
9 28
9 35
10 19
10 21
11 13
11 28
11 33
12 32
13 15
13 19
14 30
14 35
15 19
15 21
15 31
16 19
16 32
17 19
17 21
17 22
17 27
17 30
18 19
18 30
19 21
19 26
19 27
21 29
21 32
23 32
24 34
25 28
26 28
26 29
26 30
26 33
27 28
27 31
27 34
28 29
28 31
29 33
29 35
30 33
30 34
32 33
33 35
