39
0 3
0 6
0 10
0 15
0 17
0 18
0 20
0 22
1 12
1 15
1 19
1 24
2 9
2 17
2 24
2 28
2 29
3 5
3 11
3 14
4 12
4 16
4 21
4 28
4 33
4 37
5 15
5 16
5 18
5 24
5 30
5 34
6 14
6 27
6 37
7 11
7 20
7 28
7 37
7 38
8 11
8 15
8 21
8 31
8 35
9 10
9 11
9 17
9 21
9 35
9 38
10 28
10 29
10 30
10 38
11 22
11 23
11 30
11 35
12 36
13 16
13 17
13 33
14 21
14 24
14 25
14 27
14 36
15 26
15 35
16 19
16 22
16 24
16 25
16 33
16 36
17 19
17 22
17 28
17 31
18 19
18 23
18 24
18 36
19 30
19 33
20 21
20 24
20 26
20 35
21 30
22 30
22 31
22 37
24 34
24 37
24 38
25 26
25 27
25 30
25 32
26 27
26 29
26 30
26 36
26 38
27 28
27 29
28 31
28 34
29 36
30 36
30 37
31 34
31 38
32 35
34 35
