38
0 3
0 10
0 13
0 15
0 20
0 23
0 27
0 35
1 3
1 4
1 16
1 27
2 8
2 12
2 16
2 18
2 20
2 25
2 34
3 5
3 14
3 21
3 25
3 35
3 37
4 16
4 33
4 37
5 17
5 24
5 37
6 19
6 31
6 33
7 10
7 13
7 14
7 20
7 25
7 36
8 18
8 21
9 14
9 19
9 28
9 32
10 11
10 16
10 17
10 19
10 24
10 29
10 30
10 34
10 35
11 18
11 21
11 34
11 37
12 21
12 24
12 32
12 36
12 37
13 28
14 18
14 20
14 37
15 28
15 33
16 20
16 24
16 30
16 32
17 22
17 23
17 27
18 19
18 26
18 27
19 22
19 23
19 28
19 30
19 37
20 32
20 36
21 26
22 27
22 31
22 37
23 24
23 25
23 29
23 31
24 29
24 33
25 27
25 30
25 31
27 30
27 32
27 34
27 37
28 33
29 33
29 34
29 35
30 33
31 33
31 34
32 34
34 35
35 36
