40
0 13
0 29
0 35
0 38
1 5
1 20
1 32
2 12
2 15
2 22
2 23
3 15
3 22
3 24
3 25
3 37
4 10
4 20
4 29
4 31
4 32
4 34
5 9
5 11
5 22
6 9
6 14
6 17
6 20
6 21
6 28
6 32
6 39
7 13
7 16
7 17
7 24
7 31
7 33
7 35
7 36
8 9
8 25
9 11
9 12
9 19
9 26
9 27
10 11
10 16
10 18
10 36
11 18
11 19
11 24
11 28
12 17
12 21
12 22
12 26
12 29
12 30
12 31
12 36
13 18
13 21
13 37
13 38
14 23
14 27
14 33
14 39
15 22
15 27
15 29
15 30
16 30
16 36
17 28
17 29
17 30
17 39
18 26
18 39
19 23
19 31
19 35
19 37
20 25
20 36
21 22
21 27
21 30
21 32
21 34
22 29
22 36
23 29
23 30
23 35
23 39
24 28
24 33
25 33
25 38
26 32
27 34
28 32
28 34
29 32
29 37
30 31
30 36
30 37
30 38
31 34
31 38
32 39
36 39
37 38
