32
0 9
0 12
0 18
0 24
0 25
0 30
1 3
1 4
1 9
1 15
1 16
2 4
2 5
2 14
2 28
2 31
3 4
3 6
3 11
3 12
3 15
3 17
3 22
3 27
4 7
4 15
4 27
4 31
5 8
5 10
6 8
6 11
6 20
6 26
6 27
6 28
7 10
7 12
7 16
7 18
7 20
7 26
7 30
8 10
8 12
8 20
8 31
9 15
9 20
9 24
10 11
10 13
10 16
10 27
10 28
11 17
11 29
13 19
13 27
13 28
13 29
14 21
15 19
15 21
16 17
16 23
16 24
17 20
17 21
17 26
17 27
17 29
18 19
18 21
19 20
19 22
19 25
19 26
19 28
20 21
20 30
20 31
21 27
22 28
23 24
23 26
24 28
24 30
24 31
25 29
26 30
26 31
28 29
29 30
29 31
30 31
