34
0 5
0 8
0 11
0 18
0 20
0 29
1 6
1 15
1 28
1 30
2 7
2 8
2 12
2 20
2 21
3 4
3 6
3 7
3 8
3 14
3 17
3 21
3 22
3 23
3 24
3 28
3 29
3 31
4 5
4 21
4 32
5 20
5 22
5 23
5 24
5 29
6 19
6 23
6 24
6 27
6 31
6 32
7 11
7 15
7 19
7 23
7 25
7 29
8 9
8 10
8 24
9 16
9 17
9 24
9 32
9 33
10 11
10 12
10 20
10 21
10 23
10 31
11 12
11 19
11 23
11 32
12 22
12 24
12 26
13 21
13 23
14 18
14 20
14 23
14 24
14 31
14 32
15 19
15 20
15 31
16 33
17 21
17 29
18 19
18 24
19 29
20 27
20 32
20 33
21 23
21 24
22 26
24 29
24 31
24 33
25 28
25 32
26 29
26 31
26 33
30 32
31 32
