36
0 4
0 19
0 21
0 27
1 2
1 11
1 14
1 15
1 19
1 25
2 3
2 7
2 14
2 20
2 21
2 23
2 29
3 7
3 11
3 14
3 15
3 16
3 24
3 33
4 5
4 7
4 16
4 18
4 33
4 35
5 9
5 10
5 14
5 22
5 29
5 33
5 34
6 7
6 8
6 19
7 11
7 12
7 15
7 16
7 18
7 31
8 13
8 15
8 19
8 30
8 32
9 18
9 28
10 15
10 20
10 24
10 31
11 14
11 17
12 16
12 18
12 20
12 24
12 25
12 28
12 34
13 27
14 22
14 25
14 30
14 33
15 27
15 29
15 30
15 33
16 21
16 23
16 29
16 30
16 34
17 20
17 25
18 19
18 20
18 24
18 25
18 30
19 23
19 28
19 33
20 23
20 26
20 27
20 31
21 24
21 32
22 25
22 27
23 29
24 31
26 27
26 30
26 32
27 30
27 33
28 35
29 32
32 35
