33
0 8
0 12
0 16
0 20
0 23
0 28
0 30
1 14
1 24
1 30
2 3
2 7
2 16
2 29
3 5
3 6
3 7
3 10
3 12
3 25
3 29
3 31
4 8
4 15
4 16
4 22
4 28
5 6
5 24
5 27
5 29
5 30
5 31
6 15
6 17
6 28
7 8
7 9
7 16
7 18
7 28
8 13
8 24
9 11
9 12
9 16
9 18
9 27
10 20
10 22
10 23
11 12
11 15
11 16
11 24
11 26
12 13
12 18
12 31
13 14
13 19
13 24
13 30
14 21
14 24
14 29
15 17
15 23
16 21
16 22
16 26
16 28
17 21
17 22
17 31
18 21
18 22
18 25
18 26
18 30
19 21
20 26
20 27
20 28
20 29
21 24
21 27
21 29
22 27
22 28
23 29
23 31
23 32
25 28
27 32
28 31
28 32
30 32
31 32
