35
0 2
0 6
0 12
0 13
0 16
0 18
0 19
0 25
0 29
0 30
0 32
1 9
1 27
2 10
2 16
2 17
2 18
2 20
2 24
2 25
2 26
3 9
4 8
4 14
4 19
4 27
4 28
4 33
5 7
5 8
5 9
5 10
5 21
5 31
6 7
6 13
6 14
6 24
6 28
6 30
6 34
7 25
7 28
7 31
7 32
7 33
8 9
8 10
8 11
8 29
8 30
8 33
9 15
9 17
9 20
9 21
9 27
9 30
10 14
10 25
10 29
11 14
11 17
11 19
11 25
12 17
12 19
12 21
12 30
13 14
13 16
13 20
13 26
13 31
14 16
14 32
15 34
16 23
16 31
16 33
17 20
17 28
17 31
18 19
18 22
18 29
19 24
19 25
19 27
19 31
20 24
20 26
21 26
22 25
23 34
24 27
24 32
25 28
25 31
25 33
26 32
26 34
28 29
31 32
32 33
